1.919298557332899
1.9121890881653818
1.9121890803951138
1.9121890726029043
1.905627376780648
1.898884580775165
1.8853998848513576
1.883222064354276
1.8711514186523792
1.8640419339223846
1.8574802303079188
1.8564328610403655
1.855488886668899
1.8372527383788557
1.8286996911251427
1.8208078229009508
1.8137896184957518
1.8082857145676363
1.794018619587154
1.7892483086570556
1.787000415181955
1.780552552444623
1.7656424798151185
1.7458714731144247
1.7411011621843264
1.7388532842715896
1.7388532765013216
1.7388532687092257
1.730208956693422
1.7143119588705296
1.7120640809575653
1.7111201065863262
1.7034197533796251
1.6907061300285924
1.6883822853530766
1.6639169344850635
1.6615930820392797
1.6607765108350114
1.655272606906896
1.6339873075211009
1.6134459355665505
1.612629372154378
1.5977834191455478
1.5858401766108492
1.5858401688405812
1.5858401610483717
1.576201977776099
1.570994215831751
1.559050973296825
1.537693022367852
1.5283509732870235
1.5280548313033697
1.5228470693590217
1.5109038268243231
1.5015617699732267
1.5012656279895729
1.4861746619520537
1.4802038346065038
1.4593854586382569
1.453414639062975
1.453414631292707
1.4534146235004974
1.4266254357489507
1.4167422160936431
1.4112383121655276
1.4052674848199778
1.3899530127797326
1.3828435436121018
1.3784782892764489
1.3685950774130098
1.341805881869481
1.341805874099213
1.341805866307117
1.3346963971393726
1.326143349885887
1.3150166785554567
1.307907193825462
1.2993541465720901
1.2936587276264837
1.2779962112053673
1.2668695320829548
1.2512070156617248
1.2512070078914568
1.251207000099361
1.2244178123477005
1.2095077397183096
1.2085637653470704
1.2030598614187276
1.1817745698034279
1.18177456203316
1.1762706658751987
1.1613605932455804
1.1549853664894036
1.1345713899317835
1.1336274311226808
1.1336274155604307
1.1068382278086566
1.1068382200169018
1.0586910813361547
1.0564946320575692
1.00834748558484
0.9815582822709294
0.9240690945095813
0.8759219480369658
0.8491327447230552
0.8124603373162009
0.7643131908434717
0.7375239875296749
0.7218614711084448
0.6737143246357156
0.6524290252501479
0.6469251213219187
0.6042818865694009
0.6042818787774187
0.5774926910260993
0.5774926754636218
0.5561347400966716
0.5293455445533701
0.5293455367828748
0.5025563412394596
